0.046518210000000004
0.046518210000000004
0.07753445
0.06547121
0.07064467999999999
0.05513656
0.04996309
0.04479577
0.04996309
0.04479577
0.08270177
0.043073320000000005
0.062026330000000005
0.043073320000000005

0.0
1.0
2.0
4.0
8.5
-20.0
13.5
-15.0
18.5
-2.0
-10.0
23.5
-5.3
30.0

0.03618356
0.037906
0.075812
0.043073320000000005
0.053414119999999995
0.04479577
0.09476501000000001
0.06892224
0.05513656
0.04996309
0.04824065
0.04824065
0.07236712
0.08270177
0.08097932000000001
0.08787524000000001
0.03962844
0.06892224
0.06719365000000001
0.04824065
0.04824065
0.043073320000000005
0.03962844

-0.0
1.0
2.0
3.0
4.0
5.0
6.0
9.0
14.0
19.0
24.0
29.0
-27.0
-22.0
-17.0
-12.0
-1.0
-7.0
-6.0
-5.0
-4.0
-3.0
-2.0

0.07408956000000001
0.06719365000000001
0.09648745
0.07925689
0.06547121
0.08270177
0.06719365000000001
0.075812
0.1068282

32.0
17.0
2.0
37.0
22.0
7.0
27.0
12.0
0.0

