0.001722441
0.001722441
0.001722441
0.001722441
0.001722441
0.001722441
0.001722441
0.001722441
0.001722441
0.001722441
0.001722441
0.001722441
0.001722441
0.001722441

0.0
1.0
2.0
4.0
8.5
-20.0
13.5
-15.0
18.5
30.0
-10.0
23.5
-5.3
-2.0

0.001722441
0.001722441
0.001722441
0.001722441
0.001722441
0.001722441
0.001722441
0.001722441
0.001722441
0.001722441
0.001722441
0.001722441
0.001722441
0.001722441
0.001722441
0.001722441
0.001722441
0.001722441
0.001722441
0.001722441
0.001722441
0.001722441
0.001722441

-0.0
1.0
2.0
3.0
4.0
5.0
6.0
9.0
14.0
19.0
24.0
29.0
-27.0
-22.0
-17.0
-12.0
-2.0
-7.0
-6.0
-5.0
-4.0
-3.0
-1.0

0.001722441
0.001722441
0.001722441
0.001722441
0.001722441
0.001722441
0.001722441
0.001722441
0.001722441

32.0
17.0
2.0
37.0
22.0
7.0
27.0
12.0
0.0

