0.00288481781835
0.00288481781835
0.00308126177288
0.00292300953113
0.00283700720808
0.00337967734352
0.00269477121499
0.00316020202915
0.0026569186597
0.00235810765457
0.00333743950648
0.00271117770594
0.0029889500866
0.00291369992678

0.0
1.0
2.0
4.0
8.5
-20.0
13.5
-15.0
18.5
30.0
-10.0
23.5
-5.3
-2.0

0.00222127341246
0.00281323068128
0.00313107845658
0.00287189302555
0.00285789781725
0.00274945179272
0.0028926636306
0.0027177872904
0.00267620609326
0.00265613749554
0.00264221019122
0.00245392339421
0.00305662920943
0.00326988943361
0.00352910338114
0.00370688415677
0.00320321572442
0.00279472747321
0.00291740306332
0.00265721727977
0.00282417431087
0.00395047594805
0.0027768575932

-0.0
1.0
2.0
3.0
4.0
5.0
6.0
9.0
14.0
19.0
24.0
29.0
-27.0
-22.0
-17.0
-12.0
-2.0
-7.0
-6.0
-5.0
-4.0
-3.0
-1.0

0.00256624165199
0.00362224170967
0.00342796714473
0.0027843271881
0.00322333164801
0.0035155979872
0.00287949579679
0.00348293150492
0.0034467297567

32.0
17.0
2.0
37.0
22.0
7.0
27.0
12.0
0.0

