0.0362374438701
0.0362374438701
0.0318832193117
0.0360833279195
0.0353499435659
0.0338032117949
0.0334348232787
0.0359842519251
0.0359338976
0.0359490015385
0.0333038571197
0.034888709397
0.0346278422921
0.0348963772881

0.0
1.0
2.0
4.0
8.5
-20.0
13.5
-15.0
18.5
30.0
-10.0
23.5
-5.3
-2.0

0.0401582215105
0.0391291198585
0.0383452867581
0.0383777202036
0.0385336920889
0.0389452561594
0.0388161189809
0.0396486422049
0.0400695900494
0.0399544437846
0.0412836429521
0.0410601241261
0.038068762069
0.0382107573569
0.0395525351477
0.0394424639733
0.0392581085011
0.0386969612782
0.0398807844263
0.0401107407595
0.0392812802213
0.0396151164028
0.0388527059446

-0.0
1.0
2.0
3.0
4.0
5.0
6.0
9.0
14.0
19.0
24.0
29.0
-27.0
-22.0
-17.0
-12.0
-2.0
-7.0
-6.0
-5.0
-4.0
-3.0
-1.0

0.0543914768101
0.0544352334055
0.0544352045324
0.054688536564
0.0543539999233
0.0547394493266
0.0544921744017
0.0544799192168
0.0546815618539

32.0
17.0
2.0
37.0
22.0
7.0
27.0
12.0
0.0

