-0.00277280270788
-0.00277261435586
-0.00287593035708
-0.00276608058743
-0.00269760687828
-0.00315478896438
-0.00256350589457
-0.00297249044973
-0.00255371933591
-0.00232109467162
-0.00309781197246
-0.0026641245713
-0.00281980767626
-0.00280739380014

0.0
1.0
2.0
4.0
8.5
-20.0
13.5
-15.0
18.5
30.0
-10.0
23.5
-5.3
-2.0

-0.00220537348792
-0.00266095529924
-0.00293404489591
-0.00274846676745
-0.00274597267202
-0.00264870633194
-0.00278893877354
-0.00263243664916
-0.00257916770147
-0.00255327901852
-0.00253566651697
-0.00238682232251
-0.00293740489002
-0.00313444007341
-0.00330503168476
-0.00345048660488
-0.00308611589411
-0.00271083599909
-0.00280811160378
-0.00257274296678
-0.00272231735891
-0.00383836309128
-0.00273567750163

-0.0
1.0
2.0
3.0
4.0
5.0
6.0
9.0
14.0
19.0
24.0
29.0
-27.0
-22.0
-17.0
-12.0
-2.0
-7.0
-6.0
-5.0
-4.0
-3.0
-1.0

-0.00252163762344
-0.0033377429558
-0.00322705205938
-0.00270386621558
-0.00306962269249
-0.00326053881014
-0.00282554610926
-0.00326247258795
-0.00323429457275

32.0
17.0
2.0
37.0
22.0
7.0
27.0
12.0
0.0

