"X","Y","Z","E"
 50,2,0,10
 50,3,0,6.573
 50,4,0,3.97793
 50,5,0,1.97583
 50,6,0,0.344538
 50,7,0,-1.03507
 50,8,0,-2.22935
 50,9,0,-3.2846
 50,10,0,-4.22848
 50,11,0,-5.08389
 50,12,0,-5.86488
 50,13,0,-6.58425
 50,14,0,-7.25033
 50,15,0,-7.87081
 50,16,0,-8.45123
 50,17,0,-8.99652
 50,18,0,-9.51061
 50,18.5,0,-9.75704
 50,18.75,0,-9.87852
 50,18.875,0,-9.93926
 50,18.9375,0,-9.96963
 50,18.9688,0,-9.98482
 50,18.9844,0,-9.99241
 50,18.9922,0,-9.9962
 50,18.9961,0,-9.9981
 50,18.998,0,-9.99905
 50,18.999,0,-9.99953
 50,18.9995,0,-9.99976
 50,18.9998,0,-9.99988
 50,18.9999,0,-9.99994
 50,18.9999,0,-9.99997
 50,19,0,-9.99999
 50,19,0,-9.99999
 50,19,0,-10
 50,19,0,-10
 50,19,0,-10
 50,19,0,-10