"Ion N","Events","TOF","Mass","Charge","X","Y","Z","Vt","Azm","Elv","KE","KE Error"
1,1,0,0.00054858,-1,0,-12,0,2652.33,0,0,20,6.49081e-012
1,2048,0.235772,0.00054858,-1,628.896,2.5098e-005,0,2652.58,-0,1.20141,20.0038,0.00276444
1,16,0.375706,0.00054858,-1,1000,7.78265,0,2652.58,-0,1.20141,20.0038,0.00276444
2,1,0,0.00054858,-1,0,-11,0,2652.33,0,0,20,6.49081e-012
2,2048,0.257965,0.00054858,-1,687.897,9.24809e-006,0,2652.86,-0,0.998764,20.008,0.00161023
2,16,0.375631,0.00054858,-1,1000,5.44106,0,2652.86,-0,0.998764,20.008,0.00161023
3,1,0,0.00054858,-1,0,-10,0,2652.33,0,0,20,6.49081e-012
3,2048,0.279659,0.00054858,-1,745.593,2.1732e-006,0,2653.21,-0,0.831616,20.0133,0.00134207
3,16,0.375556,0.00054858,-1,1000,3.69284,0,2653.21,-0,0.831616,20.0133,0.00134207
4,1,0,0.00054858,-1,0,-9,0,2652.33,0,0,20,6.49081e-012
4,2048,0.300082,0.00054858,-1,799.927,2.52023e-007,0,2653.59,-0,0.693999,20.019,0.00136074
4,16,0.375485,0.00054858,-1,1000,2.42352,0,2653.59,-0,0.693999,20.019,0.00136074
5,1,0,0.00054858,-1,0,-8,0,2652.33,0,0,20,6.49081e-012
5,2048,0.319689,0.00054858,-1,852.103,3.45655e-006,0,2653.98,-0,0.5763,20.0248,0.00150624
5,16,0.375418,0.00054858,-1,1000,1.48765,0,2653.98,-0,0.5763,20.0248,0.00150624
6,1,0,0.00054858,-1,0,-7,0,2652.33,0,0,20,6.49081e-012
6,2048,0.336527,0.00054858,-1,896.919,8.52223e-007,0,2654.29,-0,0.477472,20.0296,0.00090951
6,16,0.375364,0.00054858,-1,1000,0.859038,0,2654.29,-0,0.477472,20.0296,0.00090951
7,1,0,0.00054858,-1,0,-6,0,2652.33,0,0,20,6.49081e-012
7,2048,0.356374,0.00054858,-1,949.736,4.46547e-007,0,2654.64,-0,0.385003,20.0348,0.00105099
7,16,0.375309,0.00054858,-1,1000,0.337761,0,2654.64,-0,0.385003,20.0348,0.00105099
8,1,0,0.00054858,-1,0,-5,0,2652.33,0,0,20,6.49081e-012
8,2048,0.368931,0.00054858,-1,983.18,1.07394e-007,0,2654.91,-0,0.309306,20.0389,0.000596266
8,16,0.375267,0.00054858,-1,1000,0.0908002,0,2654.91,-0,0.309306,20.0389,0.000596266
9,1,0,0.00054858,-1,0,-4,0,2652.33,0,0,20,6.49081e-012
9,16,0.375226,0.00054858,-1,1000,-0.109765,0,2655.18,-0,0.236332,20.043,0.000717859
10,1,0,0.00054858,-1,0,-3,0,2652.33,0,0,20,6.49081e-012
10,16,0.375197,0.00054858,-1,1000,-0.132637,0,2655.37,-0,0.174227,20.0459,0.000518323
11,1,0,0.00054858,-1,0,-2,0,2652.33,0,0,20,6.49081e-012
11,16,0.375177,0.00054858,-1,1000,-0.145549,0,2655.51,-0,0.112662,20.0479,0.000130835
12,1,0,0.00054858,-1,0,-1,0,2652.33,0,0,20,6.49081e-012
12,16,0.375159,0.00054858,-1,1000,-0.0909306,0,2655.63,-0,0.0551829,20.0498,0.000684888
13,1,0,0.00054858,-1,0,0,0,2652.33,0,0,20,6.49081e-012
13,16,0.375156,0.00054858,-1,1000,0,0,2655.65,-0,0,20.0501,0.000640685
14,1,0,0.00054858,-1,0,1,0,2652.33,0,0,20,6.49081e-012
14,16,0.375159,0.00054858,-1,1000,0.0909306,0,2655.63,-0,-0.0551829,20.0498,0.000684888
15,1,0,0.00054858,-1,0,2,0,2652.33,0,0,20,6.49081e-012
15,16,0.375177,0.00054858,-1,1000,0.145549,0,2655.51,-0,-0.112662,20.0479,0.000130835
16,1,0,0.00054858,-1,0,3,0,2652.33,0,0,20,6.49081e-012
16,16,0.375197,0.00054858,-1,1000,0.132637,0,2655.37,-0,-0.174227,20.0459,0.000518323
17,1,0,0.00054858,-1,0,4,0,2652.33,0,0,20,6.49081e-012
17,16,0.375226,0.00054858,-1,1000,0.109765,0,2655.18,-0,-0.236332,20.043,0.000717859
18,1,0,0.00054858,-1,0,5,0,2652.33,0,0,20,6.49081e-012
18,2048,0.368931,0.00054858,-1,983.18,-1.07394e-007,0,2654.91,-0,-0.309306,20.0389,0.000596266
18,16,0.375267,0.00054858,-1,1000,-0.0908002,0,2654.91,-0,-0.309306,20.0389,0.000596266
19,1,0,0.00054858,-1,0,6,0,2652.33,0,0,20,6.49081e-012
19,2048,0.356374,0.00054858,-1,949.736,-4.46547e-007,0,2654.64,-0,-0.385003,20.0348,0.00105099
19,16,0.375309,0.00054858,-1,1000,-0.337761,0,2654.64,-0,-0.385003,20.0348,0.00105099
20,1,0,0.00054858,-1,0,7,0,2652.33,0,0,20,6.49081e-012
20,2048,0.336527,0.00054858,-1,896.919,-8.52223e-007,0,2654.29,-0,-0.477472,20.0296,0.00090951
20,16,0.375364,0.00054858,-1,1000,-0.859038,0,2654.29,-0,-0.477472,20.0296,0.00090951
21,1,0,0.00054858,-1,0,8,0,2652.33,0,0,20,6.49081e-012
21,2048,0.319689,0.00054858,-1,852.103,-3.45655e-006,0,2653.98,-0,-0.5763,20.0248,0.00150624
21,16,0.375418,0.00054858,-1,1000,-1.48765,0,2653.98,-0,-0.5763,20.0248,0.00150624
22,1,0,0.00054858,-1,0,9,0,2652.33,0,0,20,6.49081e-012
22,2048,0.300082,0.00054858,-1,799.927,-2.52023e-007,0,2653.59,-0,-0.693999,20.019,0.00136074
22,16,0.375485,0.00054858,-1,1000,-2.42352,0,2653.59,-0,-0.693999,20.019,0.00136074
23,1,0,0.00054858,-1,0,10,0,2652.33,0,0,20,6.49081e-012
23,2048,0.279659,0.00054858,-1,745.593,-2.1732e-006,0,2653.21,-0,-0.831616,20.0133,0.00134207
23,16,0.375556,0.00054858,-1,1000,-3.69284,0,2653.21,-0,-0.831616,20.0133,0.00134207
24,1,0,0.00054858,-1,0,11,0,2652.33,0,0,20,6.49081e-012
24,2048,0.257965,0.00054858,-1,687.897,-9.24809e-006,0,2652.86,-0,-0.998764,20.008,0.00161023
24,16,0.375631,0.00054858,-1,1000,-5.44106,0,2652.86,-0,-0.998764,20.008,0.00161023
25,1,0,0.00054858,-1,0,12,0,2652.33,0,0,20,6.49081e-012
25,2048,0.235772,0.00054858,-1,628.896,-2.5098e-005,0,2652.58,-0,-1.20141,20.0038,0.00276444
25,16,0.375706,0.00054858,-1,1000,-7.78265,0,2652.58,-0,-1.20141,20.0038,0.00276444