------ Begin Next Fly'm ------


"Begin Fly'm (Tue Feb 07 16:13:15 2017)"
"Ions Flown Separately, Comp Quality(3)"
"Number of Ions to Fly = 25"
"Changes:","Mass","Charge","X","Y","Z","KE","Azm","Elv","Time of Birth"
" ","NO ","NO ","NO ","YES","NO ","NO ","NO ","NO ","NO "


"Ion N","Events","TOF","Mass","Charge","X","Y","Z","Vt","Azm","Elv","KE","KE Error"

1,1,0,0.00054858,-1,0,-12,0,3248.38,0,0,30,4.69988e-011
1,16,0.307058,0.00054858,-1,1000,-1.73319,0,3248.57,-0,0.623609,30.0035,0.00511577
2,1,0,0.00054858,-1,0,-11,0,3248.38,0,0,30,4.69988e-011
2,16,0.307026,0.00054858,-1,1000,-2.51587,0,3248.8,-0,0.515487,30.0077,0.0037286
3,1,0,0.00054858,-1,0,-10,0,3248.38,0,0,30,4.69988e-011
3,16,0.306994,0.00054858,-1,1000,-3.0042,0,3249.06,-0,0.424972,30.0126,0.00262253
4,1,0,0.00054858,-1,0,-9,0,3248.38,0,0,30,4.69988e-011
4,16,0.306964,0.00054858,-1,1000,-3.21388,0,3249.34,-0,0.351559,30.0176,0.00166192
5,1,0,0.00054858,-1,0,-8,0,3248.38,0,0,30,4.69988e-011
5,16,0.306931,0.00054858,-1,1000,-3.25852,0,3249.65,-0,0.288054,30.0234,0.00149615
6,1,0,0.00054858,-1,0,-7,0,3248.38,0,0,30,4.69988e-011
6,16,0.306904,0.00054858,-1,1000,-3.10095,0,3249.92,-0,0.236902,30.0284,0.000753815
7,1,0,0.00054858,-1,0,-6,0,3248.38,0,0,30,4.69988e-011
7,16,0.306876,0.00054858,-1,1000,-2.86301,0,3250.2,-0,0.190588,30.0337,0.000662677
8,1,0,0.00054858,-1,0,-5,0,3248.38,0,0,30,4.69988e-011
8,16,0.306852,0.00054858,-1,1000,-2.48776,0,3250.45,-0,0.152649,30.0382,0.00042424
9,1,0,0.00054858,-1,0,-4,0,3248.38,0,0,30,4.69988e-011
9,16,0.30683,0.00054858,-1,1000,-2.08262,0,3250.69,-0,0.116494,30.0426,0.000712921
10,1,0,0.00054858,-1,0,-3,0,3248.38,0,0,30,4.69988e-011
10,16,0.306815,0.00054858,-1,1000,-1.58897,0,3250.84,-0,0.0857438,30.0455,0.000322924
11,1,0,0.00054858,-1,0,-2,0,3248.38,0,0,30,4.69988e-011
11,16,0.306804,0.00054858,-1,1000,-1.08931,0,3250.96,-0,0.0553334,30.0477,1.51418e-006
12,1,0,0.00054858,-1,0,-1,0,3248.38,0,0,30,4.69988e-011
12,16,0.306796,0.00054858,-1,1000,-0.555878,0,3251.05,-0,0.0269523,30.0493,0.000230203
13,1,0,0.00054858,-1,0,0,0,3248.38,0,0,30,4.69988e-011
13,16,0.306796,0.00054858,-1,1000,0,0,3251.05,-0,0,30.0493,0.000179896
14,1,0,0.00054858,-1,0,1,0,3248.38,0,0,30,4.69988e-011
14,16,0.306796,0.00054858,-1,1000,0.555878,0,3251.05,-0,-0.0269523,30.0493,0.000230203
15,1,0,0.00054858,-1,0,2,0,3248.38,0,0,30,4.69988e-011
15,16,0.306804,0.00054858,-1,1000,1.08931,0,3250.96,-0,-0.0553334,30.0477,1.51418e-006
16,1,0,0.00054858,-1,0,3,0,3248.38,0,0,30,4.69988e-011
16,16,0.306815,0.00054858,-1,1000,1.58897,0,3250.84,-0,-0.0857438,30.0455,0.000322924
17,1,0,0.00054858,-1,0,4,0,3248.38,0,0,30,4.69988e-011
17,16,0.30683,0.00054858,-1,1000,2.08262,0,3250.69,-0,-0.116494,30.0426,0.000712921
18,1,0,0.00054858,-1,0,5,0,3248.38,0,0,30,4.69988e-011
18,16,0.306852,0.00054858,-1,1000,2.48776,0,3250.45,-0,-0.152649,30.0382,0.00042424
19,1,0,0.00054858,-1,0,6,0,3248.38,0,0,30,4.69988e-011
19,16,0.306876,0.00054858,-1,1000,2.86301,0,3250.2,-0,-0.190588,30.0337,0.000662677
20,1,0,0.00054858,-1,0,7,0,3248.38,0,0,30,4.69988e-011
20,16,0.306904,0.00054858,-1,1000,3.10095,0,3249.92,-0,-0.236902,30.0284,0.000753815
21,1,0,0.00054858,-1,0,8,0,3248.38,0,0,30,4.69988e-011
21,16,0.306931,0.00054858,-1,1000,3.25852,0,3249.65,-0,-0.288054,30.0234,0.00149615
22,1,0,0.00054858,-1,0,9,0,3248.38,0,0,30,4.69988e-011
22,16,0.306964,0.00054858,-1,1000,3.21388,0,3249.34,-0,-0.351559,30.0176,0.00166192
23,1,0,0.00054858,-1,0,10,0,3248.38,0,0,30,4.69988e-011
23,16,0.306994,0.00054858,-1,1000,3.0042,0,3249.06,-0,-0.424972,30.0126,0.00262253
24,1,0,0.00054858,-1,0,11,0,3248.38,0,0,30,4.69988e-011
24,16,0.307026,0.00054858,-1,1000,2.51587,0,3248.8,-0,-0.515487,30.0077,0.0037286
25,1,0,0.00054858,-1,0,12,0,3248.38,0,0,30,4.69988e-011
25,16,0.307058,0.00054858,-1,1000,1.73319,0,3248.57,-0,-0.623609,30.0035,0.00511577
------ Begin Next Fly'm ------


"Begin Fly'm (Tue Feb 07 16:13:22 2017)"
"Ions Flown Separately, Comp Quality(3)"
"Number of Ions to Fly = 25"
"Changes:","Mass","Charge","X","Y","Z","KE","Azm","Elv","Time of Birth"
" ","NO ","NO ","NO ","YES","NO ","NO ","NO ","NO ","NO "


"Ion N","Events","TOF","Mass","Charge","X","Y","Z","Vt","Azm","Elv","KE","KE Error"

1,1,0,0.00054858,-1,0,-12,0,2965.38,0,0,25,2.0254e-011
1,2048,0.294304,0.00054858,-1,875.668,5.14965e-006,0,2965.51,-0,0.839482,25.0022,0.00282689
1,16,0.336235,0.00054858,-1,1000,1.82182,0,2965.51,-0,0.839482,25.0022,0.00282689
2,1,0,0.00054858,-1,0,-11,0,2965.38,0,0,25,2.0254e-011
2,2048,0.323186,0.00054858,-1,961.476,5.78091e-007,0,2965.87,-0,0.696786,25.0084,0.00352929
2,16,0.336176,0.00054858,-1,1000,0.468525,0,2965.87,-0,0.696786,25.0084,0.00352929
3,1,0,0.00054858,-1,0,-10,0,2965.38,0,0,25,2.0254e-011
3,16,0.33613,0.00054858,-1,1000,-0.483028,0,2966.17,-0,0.578071,25.0134,0.00270607
4,1,0,0.00054858,-1,0,-9,0,2965.38,0,0,25,2.0254e-011
4,16,0.336086,0.00054858,-1,1000,-1.08033,0,2966.48,-0,0.481171,25.0186,0.00199891
5,1,0,0.00054858,-1,0,-8,0,2965.38,0,0,25,2.0254e-011
5,16,0.336043,0.00054858,-1,1000,-1.4872,0,2966.81,-0,0.395641,25.0242,0.0017781
6,1,0,0.00054858,-1,0,-7,0,2965.38,0,0,25,2.0254e-011
6,16,0.336006,0.00054858,-1,1000,-1.63402,0,2967.1,-0,0.326025,25.029,0.00101383
7,1,0,0.00054858,-1,0,-6,0,2965.38,0,0,25,2.0254e-011
7,16,0.33597,0.00054858,-1,1000,-1.68138,0,2967.4,-0,0.262365,25.0341,0.000806114
8,1,0,0.00054858,-1,0,-5,0,2965.38,0,0,25,2.0254e-011
8,16,0.335938,0.00054858,-1,1000,-1.53677,0,2967.66,-0,0.210428,25.0385,0.00057071
9,1,0,0.00054858,-1,0,-4,0,2965.38,0,0,25,2.0254e-011
9,16,0.335909,0.00054858,-1,1000,-1.35665,0,2967.91,-0,0.160594,25.0428,0.000793223
10,1,0,0.00054858,-1,0,-3,0,2965.38,0,0,25,2.0254e-011
10,16,0.335889,0.00054858,-1,1000,-1.05375,0,2968.08,-0,0.118262,25.0456,0.000412253
11,1,0,0.00054858,-1,0,-2,0,2965.38,0,0,25,2.0254e-011
11,16,0.335875,0.00054858,-1,1000,-0.74236,0,2968.21,-0,0.0764092,25.0477,2.9139e-005
12,1,0,0.00054858,-1,0,-1,0,2965.38,0,0,25,2.0254e-011
12,16,0.335862,0.00054858,-1,1000,-0.384968,0,2968.32,-0,0.0373289,25.0496,0.00058261
13,1,0,0.00054858,-1,0,0,0,2965.38,0,0,25,2.0254e-011
13,16,0.335858,0.00054858,-1,1000,0,0,2968.36,-0,0,25.0503,0.000827462
14,1,0,0.00054858,-1,0,1,0,2965.38,0,0,25,2.0254e-011
14,16,0.335862,0.00054858,-1,1000,0.384968,0,2968.32,-0,-0.0373289,25.0496,0.00058261
15,1,0,0.00054858,-1,0,2,0,2965.38,0,0,25,2.0254e-011
15,16,0.335875,0.00054858,-1,1000,0.74236,0,2968.21,-0,-0.0764092,25.0477,2.9139e-005
16,1,0,0.00054858,-1,0,3,0,2965.38,0,0,25,2.0254e-011
16,16,0.335889,0.00054858,-1,1000,1.05375,0,2968.08,-0,-0.118262,25.0456,0.000412253
17,1,0,0.00054858,-1,0,4,0,2965.38,0,0,25,2.0254e-011
17,16,0.335909,0.00054858,-1,1000,1.35665,0,2967.91,-0,-0.160594,25.0428,0.000793223
18,1,0,0.00054858,-1,0,5,0,2965.38,0,0,25,2.0254e-011
18,16,0.335938,0.00054858,-1,1000,1.53677,0,2967.66,-0,-0.210428,25.0385,0.00057071
19,1,0,0.00054858,-1,0,6,0,2965.38,0,0,25,2.0254e-011
19,16,0.33597,0.00054858,-1,1000,1.68138,0,2967.4,-0,-0.262365,25.0341,0.000806114
20,1,0,0.00054858,-1,0,7,0,2965.38,0,0,25,2.0254e-011
20,16,0.336006,0.00054858,-1,1000,1.63402,0,2967.1,-0,-0.326025,25.029,0.00101383
21,1,0,0.00054858,-1,0,8,0,2965.38,0,0,25,2.0254e-011
21,16,0.336043,0.00054858,-1,1000,1.4872,0,2966.81,-0,-0.395641,25.0242,0.0017781
22,1,0,0.00054858,-1,0,9,0,2965.38,0,0,25,2.0254e-011
22,16,0.336086,0.00054858,-1,1000,1.08033,0,2966.48,-0,-0.481171,25.0186,0.00199891
23,1,0,0.00054858,-1,0,10,0,2965.38,0,0,25,2.0254e-011
23,16,0.33613,0.00054858,-1,1000,0.483028,0,2966.17,-0,-0.578071,25.0134,0.00270607
24,1,0,0.00054858,-1,0,11,0,2965.38,0,0,25,2.0254e-011
24,2048,0.323186,0.00054858,-1,961.476,-5.78091e-007,0,2965.87,-0,-0.696786,25.0084,0.00352929
24,16,0.336176,0.00054858,-1,1000,-0.468525,0,2965.87,-0,-0.696786,25.0084,0.00352929
25,1,0,0.00054858,-1,0,12,0,2965.38,0,0,25,2.0254e-011
25,2048,0.294304,0.00054858,-1,875.668,-5.14965e-006,0,2965.51,-0,-0.839482,25.0022,0.00282689
25,16,0.336235,0.00054858,-1,1000,-1.82182,0,2965.51,-0,-0.839482,25.0022,0.00282689
------ Begin Next Fly'm ------


"Begin Fly'm (Tue Feb 07 16:13:30 2017)"
"Ions Flown Separately, Comp Quality(3)"
"Number of Ions to Fly = 25"
"Changes:","Mass","Charge","X","Y","Z","KE","Azm","Elv","Time of Birth"
" ","NO ","NO ","NO ","YES","NO ","NO ","NO ","NO ","NO "


"Ion N","Events","TOF","Mass","Charge","X","Y","Z","Vt","Azm","Elv","KE","KE Error"

1,1,0,0.00054858,-1,0,-12,0,2297,0,0,15,3.32339e-011
1,2048,0.181691,0.00054858,-1,421.797,2.29077e-005,0,2297.39,-0,1.88206,15.005,0.000664006
1,16,0.433505,0.00054858,-1,1000,18.9997,0,2297.39,-0,1.88206,15.005,0.000664006
2,1,0,0.00054858,-1,0,-11,0,2297,0,0,15,3.32339e-011
2,2048,0.198299,0.00054858,-1,460.174,2.21425e-005,0,2298.09,-0,1.56158,15.0142,0.00507438
2,16,0.433288,0.00054858,-1,1000,14.7164,0,2298.09,-0,1.56158,15.0142,0.00507438
3,1,0,0.00054858,-1,0,-10,0,2297,0,0,15,3.32339e-011
3,2048,0.212728,0.00054858,-1,493.469,1.7677e-005,0,2298.38,-0,1.31133,15.018,0.00367377
3,16,0.433172,0.00054858,-1,1000,11.595,0,2298.38,-0,1.31133,15.018,0.00367377
4,1,0,0.00054858,-1,0,-9,0,2297,0,0,15,3.32339e-011
4,2048,0.227927,0.00054858,-1,528.529,1.00035e-005,0,2298.68,-0,1.09296,15.0219,0.00229357
4,16,0.43307,0.00054858,-1,1000,8.99475,0,2298.68,-0,1.09296,15.0219,0.00229357
5,1,0,0.00054858,-1,0,-8,0,2297,0,0,15,3.32339e-011
5,2048,0.240906,0.00054858,-1,558.482,6.74774e-006,0,2298.99,-0,0.913274,15.0259,0.00108059
5,16,0.432979,0.00054858,-1,1000,7.03824,0,2298.99,-0,0.913274,15.0259,0.00108059
6,1,0,0.00054858,-1,0,-7,0,2297,0,0,15,3.32339e-011
6,2048,0.253133,0.00054858,-1,586.716,1.25896e-006,0,2299.35,-0,0.756883,15.0307,0.00077574
6,16,0.432887,0.00054858,-1,1000,5.45984,0,2299.35,-0,0.756883,15.0307,0.00077574
7,1,0,0.00054858,-1,0,-6,0,2297,0,0,15,3.32339e-011
7,2048,0.264581,0.00054858,-1,613.151,2.04301e-006,0,2299.67,-0,0.617761,15.0349,0.000187013
7,16,0.43281,0.00054858,-1,1000,4.17116,0,2299.67,-0,0.617761,15.0349,0.000187013
8,1,0,0.00054858,-1,0,-5,0,2297,0,0,15,3.32339e-011
8,2048,0.27247,0.00054858,-1,631.402,8.00953e-006,0,2300.01,-0,0.498666,15.0392,0.000290471
8,16,0.432736,0.00054858,-1,1000,3.20814,0,2300.01,-0,0.498666,15.0392,0.000290471
9,1,0,0.00054858,-1,0,-4,0,2297,0,0,15,3.32339e-011
9,2048,0.283836,0.00054858,-1,657.629,3.05196e-006,0,2300.26,-0,0.381404,15.0425,0.000151712
9,16,0.43268,0.00054858,-1,1000,2.27911,0,2300.26,-0,0.381404,15.0425,0.000151712
10,1,0,0.00054858,-1,0,-3,0,2297,0,0,15,3.32339e-011
10,2048,0.288001,0.00054858,-1,667.281,1.39445e-006,0,2300.48,-0,0.281632,15.0454,0.000228574
10,16,0.432633,0.00054858,-1,1000,1.63546,0,2300.48,-0,0.281632,15.0454,0.000228574
11,1,0,0.00054858,-1,0,-2,0,2297,0,0,15,3.32339e-011
11,2048,0.295897,0.00054858,-1,685.508,1.25146e-006,0,2300.66,-0,0.182256,15.0478,1.07438e-005
11,16,0.432594,0.00054858,-1,1000,1.00039,0,2300.66,-0,0.182256,15.0478,1.07438e-005
12,1,0,0.00054858,-1,0,-1,0,2297,0,0,15,3.32339e-011
12,2048,0.300565,0.00054858,-1,696.282,8.58562e-007,0,2300.77,-0,0.0895134,15.0493,0.000169141
12,16,0.432572,0.00054858,-1,1000,0.474501,0,2300.77,-0,0.0895134,15.0493,0.000169141
13,1,0,0.00054858,-1,0,0,0,2297,0,0,15,3.32339e-011
13,16,0.432567,0.00054858,-1,1000,0,0,2300.8,-0,0,15.0496,0.000116829
14,1,0,0.00054858,-1,0,1,0,2297,0,0,15,3.32339e-011
14,2048,0.300565,0.00054858,-1,696.282,-8.58562e-007,0,2300.77,-0,-0.0895134,15.0493,0.000169141
14,16,0.432572,0.00054858,-1,1000,-0.474501,0,2300.77,-0,-0.0895134,15.0493,0.000169141
15,1,0,0.00054858,-1,0,2,0,2297,0,0,15,3.32339e-011
15,2048,0.295897,0.00054858,-1,685.508,-1.25146e-006,0,2300.66,-0,-0.182256,15.0478,1.07438e-005
15,16,0.432594,0.00054858,-1,1000,-1.00039,0,2300.66,-0,-0.182256,15.0478,1.07438e-005
16,1,0,0.00054858,-1,0,3,0,2297,0,0,15,3.32339e-011
16,2048,0.288001,0.00054858,-1,667.281,-1.39445e-006,0,2300.48,-0,-0.281632,15.0454,0.000228574
16,16,0.432633,0.00054858,-1,1000,-1.63546,0,2300.48,-0,-0.281632,15.0454,0.000228574
17,1,0,0.00054858,-1,0,4,0,2297,0,0,15,3.32339e-011
17,2048,0.283836,0.00054858,-1,657.629,-3.05196e-006,0,2300.26,-0,-0.381404,15.0425,0.000151712
17,16,0.43268,0.00054858,-1,1000,-2.27911,0,2300.26,-0,-0.381404,15.0425,0.000151712
18,1,0,0.00054858,-1,0,5,0,2297,0,0,15,3.32339e-011
18,2048,0.27247,0.00054858,-1,631.402,-8.00953e-006,0,2300.01,-0,-0.498666,15.0392,0.000290471
18,16,0.432736,0.00054858,-1,1000,-3.20814,0,2300.01,-0,-0.498666,15.0392,0.000290471
19,1,0,0.00054858,-1,0,6,0,2297,0,0,15,3.32339e-011
19,2048,0.264581,0.00054858,-1,613.151,-2.04301e-006,0,2299.67,-0,-0.617761,15.0349,0.000187013
19,16,0.43281,0.00054858,-1,1000,-4.17116,0,2299.67,-0,-0.617761,15.0349,0.000187013
20,1,0,0.00054858,-1,0,7,0,2297,0,0,15,3.32339e-011
20,2048,0.253133,0.00054858,-1,586.716,-1.25896e-006,0,2299.35,-0,-0.756883,15.0307,0.00077574
20,16,0.432887,0.00054858,-1,1000,-5.45984,0,2299.35,-0,-0.756883,15.0307,0.00077574
21,1,0,0.00054858,-1,0,8,0,2297,0,0,15,3.32339e-011
21,2048,0.240906,0.00054858,-1,558.482,-6.74774e-006,0,2298.99,-0,-0.913274,15.0259,0.00108059
21,16,0.432979,0.00054858,-1,1000,-7.03824,0,2298.99,-0,-0.913274,15.0259,0.00108059
22,1,0,0.00054858,-1,0,9,0,2297,0,0,15,3.32339e-011
22,2048,0.227927,0.00054858,-1,528.529,-1.00035e-005,0,2298.68,-0,-1.09296,15.0219,0.00229357
22,16,0.43307,0.00054858,-1,1000,-8.99475,0,2298.68,-0,-1.09296,15.0219,0.00229357
23,1,0,0.00054858,-1,0,10,0,2297,0,0,15,3.32339e-011
23,2048,0.212728,0.00054858,-1,493.469,-1.7677e-005,0,2298.38,-0,-1.31133,15.018,0.00367377
23,16,0.433172,0.00054858,-1,1000,-11.595,0,2298.38,-0,-1.31133,15.018,0.00367377
24,1,0,0.00054858,-1,0,11,0,2297,0,0,15,3.32339e-011
24,2048,0.198299,0.00054858,-1,460.174,-2.21425e-005,0,2298.09,-0,-1.56158,15.0142,0.00507438
24,16,0.433288,0.00054858,-1,1000,-14.7164,0,2298.09,-0,-1.56158,15.0142,0.00507438
25,1,0,0.00054858,-1,0,12,0,2297,0,0,15,3.32339e-011
25,2048,0.181691,0.00054858,-1,421.797,-2.29077e-005,0,2297.39,-0,-1.88206,15.005,0.000664006
25,16,0.433505,0.00054858,-1,1000,-18.9997,0,2297.39,-0,-1.88206,15.005,0.000664006
