"Ion N","Events","TOF","Mass","Charge","X","Y","Z","Vt","Azm","Elv","KE","KE Error"
1,1,0,0.00054858,-1,0,-16,0,1875.51,0,0,10,5.34879e-011
1,2048,0.099418,0.00054858,-1,191.372,1.25344e-005,0,1875.5,-0,6.68208,9.99987,0.00372284
1,16,0.186481,0.00054858,-1,353.549,19,0,1875.5,-0,6.68208,9.99987,0.00372284
2,1,0,0.00054858,-1,0,-14.6667,0,1875.51,0,0,10,5.34879e-011
2,2048,0.11189,0.00054858,-1,215.27,5.72603e-005,0,1876.28,-0,5.23862,10.0082,0.00373927
2,16,0.222798,0.00054858,-1,422.497,19,0,1876.28,-0,5.23862,10.0082,0.00373927
3,1,0,0.00054858,-1,0,-13.3333,0,1875.51,0,0,10,5.34879e-011
3,2048,0.124759,0.00054858,-1,239.733,5.61058e-005,0,1876.03,-0,4.14878,10.0055,0.00174608
3,16,0.264748,0.00054858,-1,501.669,19,0,1876.03,-0,4.14878,10.0055,0.00174608
4,1,0,0.00054858,-1,0,-12,0,1875.51,0,0,10,5.34879e-011
4,2048,0.13672,0.00054858,-1,262.471,6.83039e-006,0,1876.34,-0,3.32609,10.0089,0.00282098
4,16,0.311252,0.00054858,-1,589.4,19,0,1876.34,-0,3.32609,10.0089,0.00282098
5,1,0,0.00054858,-1,0,-10.6667,0,1875.51,0,0,10,5.34879e-011
5,2048,0.148349,0.00054858,-1,284.602,1.86493e-005,0,1877.23,-0,2.67278,10.0184,0.00148046
5,16,0.365396,0.00054858,-1,691.606,19,0,1877.23,-0,2.67278,10.0184,0.00148046
6,1,0,0.00054858,-1,0,-9.33333,0,1875.51,0,0,10,5.34879e-011
6,2048,0.161004,0.00054858,-1,308.625,4.40157e-005,0,1878.01,-0,2.11883,10.0267,0.00419205
6,16,0.434645,0.00054858,-1,822.173,19,0,1878.01,-0,2.11883,10.0267,0.00419205
7,1,0,0.00054858,-1,0,-8,0,1875.51,0,0,10,5.34879e-011
7,2048,0.171111,0.00054858,-1,327.786,3.61111e-005,0,1878.41,-0,1.68894,10.0309,0.00255317
7,16,0.5143,0.00054858,-1,972.155,19,0,1878.41,-0,1.68894,10.0309,0.00255317
8,1,0,0.00054858,-1,0,-6.66667,0,1875.51,0,0,10,5.34879e-011
8,2048,0.181677,0.00054858,-1,347.743,2.522e-005,0,1878.5,-0,1.31128,10.0319,0.00210573
8,16,0.52899,0.00054858,-1,1000,14.9303,0,1878.5,-0,1.31128,10.0319,0.00210573
9,1,0,0.00054858,-1,0,-5.33333,0,1875.51,0,0,10,5.34879e-011
9,2048,0.18836,0.00054858,-1,360.449,3.6487e-005,0,1879.01,-0,1.00576,10.0374,0.00182709
9,16,0.528777,0.00054858,-1,1000,11.2278,0,1879.01,-0,1.00576,10.0374,0.00182709
10,1,0,0.00054858,-1,0,-4,0,1875.51,0,0,10,5.34879e-011
10,2048,0.196533,0.00054858,-1,375.971,9.5403e-006,0,1879.68,-0,0.717236,10.0445,0.000956005
10,16,0.528546,0.00054858,-1,1000,7.81209,0,1879.68,-0,0.717236,10.0445,0.000956005
11,1,0,0.00054858,-1,0,-2.66667,0,1875.51,0,0,10,5.34879e-011
11,2048,0.202112,0.00054858,-1,386.537,7.48543e-006,0,1879.94,-0,0.463352,10.0473,0.000433654
11,16,0.528443,0.00054858,-1,1000,4.9612,0,1879.94,-0,0.463352,10.0473,0.000433654
12,1,0,0.00054858,-1,0,-1.33333,0,1875.51,0,0,10,5.34879e-011
12,2048,0.205128,0.00054858,-1,392.256,5.43774e-006,0,1880.11,-0,0.227341,10.0491,0.000250292
12,16,0.52838,0.00054858,-1,1000,2.41146,0,1880.11,-0,0.227341,10.0491,0.000250292
13,1,0,0.00054858,-1,0,0,0,1875.51,0,0,10,5.34879e-011
13,16,0.52837,0.00054858,-1,1000,0,0,1880.12,-0,0,10.0493,0.000201524
14,1,0,0.00054858,-1,0,1.33333,0,1875.51,0,0,10,5.34879e-011
14,2048,0.205128,0.00054858,-1,392.256,-5.43774e-006,0,1880.11,-0,-0.227341,10.0491,0.000250292
14,16,0.52838,0.00054858,-1,1000,-2.41146,0,1880.11,-0,-0.227341,10.0491,0.000250292
15,1,0,0.00054858,-1,0,2.66667,0,1875.51,0,0,10,5.34879e-011
15,2048,0.202112,0.00054858,-1,386.537,-7.48543e-006,0,1879.94,-0,-0.463352,10.0473,0.000433654
15,16,0.528443,0.00054858,-1,1000,-4.9612,0,1879.94,-0,-0.463352,10.0473,0.000433654
16,1,0,0.00054858,-1,0,4,0,1875.51,0,0,10,5.34879e-011
16,2048,0.196533,0.00054858,-1,375.971,-9.5403e-006,0,1879.68,-0,-0.717236,10.0445,0.000956005
16,16,0.528546,0.00054858,-1,1000,-7.81209,0,1879.68,-0,-0.717236,10.0445,0.000956005
17,1,0,0.00054858,-1,0,5.33333,0,1875.51,0,0,10,5.34879e-011
17,2048,0.18836,0.00054858,-1,360.449,-3.6487e-005,0,1879.01,-0,-1.00576,10.0374,0.00182709
17,16,0.528777,0.00054858,-1,1000,-11.2278,0,1879.01,-0,-1.00576,10.0374,0.00182709
18,1,0,0.00054858,-1,0,6.66667,0,1875.51,0,0,10,5.34879e-011
18,2048,0.181677,0.00054858,-1,347.743,-2.522e-005,0,1878.5,-0,-1.31128,10.0319,0.00210573
18,16,0.52899,0.00054858,-1,1000,-14.9303,0,1878.5,-0,-1.31128,10.0319,0.00210573
19,1,0,0.00054858,-1,0,8,0,1875.51,0,0,10,5.34879e-011
19,2048,0.171111,0.00054858,-1,327.786,-3.61111e-005,0,1878.41,-0,-1.68894,10.0309,0.00255317
19,16,0.5143,0.00054858,-1,972.155,-19,0,1878.41,-0,-1.68894,10.0309,0.00255317
20,1,0,0.00054858,-1,0,9.33333,0,1875.51,0,0,10,5.34879e-011
20,2048,0.161004,0.00054858,-1,308.625,-4.40157e-005,0,1878.01,-0,-2.11883,10.0267,0.00419205
20,16,0.434645,0.00054858,-1,822.173,-19,0,1878.01,-0,-2.11883,10.0267,0.00419205
21,1,0,0.00054858,-1,0,10.6667,0,1875.51,0,0,10,5.34879e-011
21,2048,0.148349,0.00054858,-1,284.602,-1.86493e-005,0,1877.23,-0,-2.67278,10.0184,0.00148046
21,16,0.365396,0.00054858,-1,691.606,-19,0,1877.23,-0,-2.67278,10.0184,0.00148046
22,1,0,0.00054858,-1,0,12,0,1875.51,0,0,10,5.34879e-011
22,2048,0.13672,0.00054858,-1,262.471,-6.83039e-006,0,1876.34,-0,-3.32609,10.0089,0.00282098
22,16,0.311252,0.00054858,-1,589.4,-19,0,1876.34,-0,-3.32609,10.0089,0.00282098
23,1,0,0.00054858,-1,0,13.3333,0,1875.51,0,0,10,5.34879e-011
23,2048,0.124759,0.00054858,-1,239.733,-5.61058e-005,0,1876.03,-0,-4.14878,10.0055,0.00174608
23,16,0.264748,0.00054858,-1,501.669,-19,0,1876.03,-0,-4.14878,10.0055,0.00174608
24,1,0,0.00054858,-1,0,14.6667,0,1875.51,0,0,10,5.34879e-011
24,2048,0.11189,0.00054858,-1,215.27,-5.72603e-005,0,1876.28,-0,-5.23862,10.0082,0.00373927
24,16,0.222798,0.00054858,-1,422.497,-19,0,1876.28,-0,-5.23862,10.0082,0.00373927
25,1,0,0.00054858,-1,0,16,0,1875.51,0,0,10,5.34879e-011
25,2048,0.099418,0.00054858,-1,191.372,-1.25344e-005,0,1875.5,-0,-6.68208,9.99987,0.00372284
25,16,0.186481,0.00054858,-1,353.549,-19,0,1875.5,-0,-6.68208,9.99987,0.00372284